01	00	北京
01	00	02	海淀
01	00	03	朝阳
01	00	13	密云
01	00	01	北京
01	00	06	通州
01	00	07	昌平
01	00	04	顺义
01	00	05	怀柔
01	00	08	延庆
01	00	09	丰台
01	00	12	房山
01	00	14	门头沟
01	00	11	大兴
01	00	15	平谷
01	00	10	石景山
02	00	上海
02	00	02	闵行
02	00	03	宝山
02	00	13	浦东
02	00	01	上海
02	00	06	南汇
02	00	07	金山
02	00	05	嘉定
02	00	08	青浦
02	00	09	松江
02	00	12	徐家汇
02	00	11	崇明
02	00	10	奉贤
03	00	天津
03	00	02	武清
03	00	03	宝坻
03	00	01	天津
03	00	06	北辰
03	00	07	宁河
03	00	04	东丽
03	00	05	西青
03	00	08	汉沽
03	00	09	静海
03	00	12	大港
03	00	14	蓟县
03	00	11	塘沽
03	00	10	津南
04	00	重庆
04	00	30	丰都
04	00	02	永川
04	00	03	合川
04	00	26	大足
04	00	01	重庆
04	00	06	万盛
04	00	07	渝北
04	00	04	南川
04	00	05	江津
04	00	08	北碚
04	00	09	巴南
04	00	28	铜梁
04	00	29	璧山
04	00	14	涪陵
04	00	24	忠县
04	00	25	石柱
04	00	27	荣昌
04	00	20	巫山
04	00	21	潼南
04	00	11	黔江
04	00	10	长寿
04	00	13	万州
04	00	15	开县
04	00	22	垫江
04	00	17	云阳
04	00	16	城口
04	00	19	奉节
04	00	18	巫溪
04	00	31	武隆
04	00	23	梁平
04	00	36	秀山
04	00	34	酉阳
04	00	33	綦江
04	00	32	彭水
05	02	齐齐哈尔
05	02	02	讷河
05	02	03	龙江
05	02	01	齐齐哈尔
05	02	06	依安
05	02	07	拜泉
05	02	04	甘南
05	02	05	富裕
05	02	08	克山
05	02	09	克东
05	02	10	泰来
05	03	牡丹江
05	03	02	海林
05	03	03	穆棱
05	03	01	牡丹江
05	03	06	宁安
05	03	07	东宁
05	03	04	林口
05	03	05	绥芬河
05	13	双鸭山
05	13	02	集贤
05	13	03	宝清
05	13	01	双鸭山
05	13	04	饶河
05	13	05	友谊
05	01	哈尔滨
05	01	02	双城
05	01	03	呼兰
05	01	13	木兰
05	01	01	哈尔滨
05	01	06	依兰
05	01	07	巴彦
05	01	04	阿城
05	01	05	宾县
05	01	08	通河
05	01	09	方正
05	01	12	五常
05	01	11	尚志
05	01	10	延寿
05	06	黑河
05	06	02	嫩江
05	06	03	孙吴
05	06	01	黑河
05	06	06	北安
05	06	04	逊克
05	06	05	五大连池
05	07	大兴安岭
05	07	02	塔河
05	07	03	漠河
05	07	01	大兴安岭
05	07	06	新林
05	07	04	呼玛
05	07	05	呼中
05	07	08	加格达奇
05	04	佳木斯
05	04	02	汤原
05	04	03	抚远
05	04	01	佳木斯
05	04	06	同江
05	04	07	富锦
05	04	04	桦川
05	04	05	桦南
05	05	绥化
05	05	02	肇东
05	05	03	安达
05	05	01	绥化
05	05	06	望奎
05	05	07	兰西
05	05	04	海伦
05	05	05	明水
05	05	08	青冈
05	05	09	庆安
05	05	10	绥棱
05	08	伊春
05	08	02	乌伊岭
05	08	03	五营
05	08	01	伊春
05	08	04	铁力
05	08	05	嘉荫
05	09	大庆
05	09	02	林甸
05	09	03	肇州
05	09	01	大庆
05	09	04	肇源
05	09	05	杜尔伯特
05	12	鹤岗
05	12	02	绥滨
05	12	03	萝北
05	12	01	鹤岗
05	11	鸡西
05	11	02	虎林
05	11	03	密山
05	11	01	鸡西
05	11	04	鸡东
05	10	七台河
05	10	02	七台河
05	10	03	勃利
06	02	吉林
06	02	02	舒兰
06	02	03	永吉
06	02	01	吉林
06	02	06	桦甸
06	02	04	蛟河
06	02	05	磐石
06	03	延边
06	03	02	敦化
06	03	03	安图
06	03	01	延吉
06	03	07	龙井
06	03	04	汪清
06	03	05	和龙
06	03	08	珲春
06	03	09	图们
06	01	长春
06	01	02	农安
06	01	03	德惠
06	01	01	长春
06	01	06	双阳
06	01	04	九台
06	01	05	榆树
06	06	白城
06	06	02	洮南
06	06	03	大安
06	06	01	白城
06	06	04	镇赉
06	06	05	通榆
06	07	辽源
06	07	02	东丰
06	07	03	东辽
06	07	01	辽源
06	04	四平
06	04	02	双辽
06	04	03	梨树
06	04	01	四平
06	04	04	公主岭
06	04	05	伊通
06	05	通化
06	05	02	梅河口
06	05	03	柳河
06	05	01	通化
06	05	06	通化县
06	05	04	辉南
06	05	05	集安
06	08	松原
06	08	02	乾安
06	08	03	前郭
06	08	01	松原
06	08	04	长岭
06	08	05	扶余
06	09	白山
06	09	02	靖宇
06	09	03	临江
06	09	01	白山
06	09	06	抚松
06	09	07	江源
06	09	04	东岗
06	09	05	长白
07	02	大连
07	02	02	瓦房店
07	02	03	金州
07	02	01	大连
07	02	06	长海
07	02	07	庄河
07	02	04	普兰店
07	02	05	旅顺
07	03	鞍山
07	03	02	台安
07	03	03	岫岩
07	03	01	鞍山
07	03	04	海城
07	13	盘锦
07	13	02	大洼
07	13	03	盘山
07	13	01	盘锦
07	01	沈阳
07	01	03	辽中
07	01	01	沈阳
07	01	06	新民
07	01	04	康平
07	01	05	法库
07	06	丹东
07	06	02	凤城
07	06	03	宽甸
07	06	01	丹东
07	06	04	东港
07	07	锦州
07	07	02	凌海
07	07	01	锦州
07	07	06	北镇
07	07	04	义县
07	07	05	黑山
07	04	抚顺
07	04	02	新宾
07	04	03	清原
07	04	01	抚顺
07	04	04	章党
07	05	本溪
07	05	02	本溪县
07	05	01	本溪
07	05	04	桓仁
07	08	营口
07	08	02	大石桥
07	08	03	盖州
07	08	01	营口
07	09	阜新
07	09	02	彰武
07	09	01	阜新
07	12	朝阳
07	12	03	凌源
07	12	01	朝阳
07	12	07	建平县
07	12	04	喀左
07	12	05	北票
07	14	葫芦岛
07	14	02	建昌
07	14	03	绥中
07	14	01	葫芦岛
07	14	04	兴城
07	11	铁岭
07	11	02	开原
07	11	03	昌图
07	11	01	铁岭
07	11	04	西丰
07	11	05	调兵山
07	10	辽阳
07	10	02	辽阳县
07	10	03	灯塔
07	10	01	辽阳
07	10	04	弓长岭
08	02	包头
08	02	02	白云鄂博
08	02	03	满都拉
08	02	01	包头
08	02	06	达茂旗
08	02	07	希拉穆仁
08	02	04	土右旗
08	02	05	固阳
08	03	乌海
08	03	01	乌海
08	01	呼和浩特
08	01	02	土左旗
08	01	03	托县
08	01	01	呼和浩特
08	01	06	呼市郊区
08	01	07	武川
08	01	04	和林
08	01	05	清水河
08	06	赤峰
08	06	11	喀喇沁
08	06	03	阿鲁旗
08	06	13	宁城
08	06	01	赤峰
08	06	06	巴林右旗
08	06	07	林西
08	06	04	浩尔吐
08	06	05	巴林左旗
08	06	08	克什克腾
08	06	09	翁牛特
08	06	12	八里罕
08	06	14	敖汉
08	06	15	宝国吐
08	06	10	岗子
08	07	鄂尔多斯
08	07	11	伊金霍洛
08	07	03	达拉特
08	07	13	东胜
08	07	01	鄂尔多斯
08	07	06	河南
08	07	07	伊克乌素
08	07	04	准格尔
08	07	05	鄂前旗
08	07	08	鄂托克
08	07	09	杭锦旗
08	07	12	乌审召
08	07	10	乌审旗
08	04	乌兰察布
08	04	02	卓资
08	04	03	化德
08	04	01	集宁
08	04	06	兴和
08	04	07	凉城
08	04	04	商都
08	04	10	察右后旗
08	04	08	察右前旗
08	04	09	察右中旗
08	04	12	丰镇
08	04	11	四子王旗
08	05	通辽
08	05	02	舍伯吐
08	05	03	科左中旗
08	05	01	通辽
08	05	06	开鲁
08	05	07	库伦
08	05	04	科左后旗
08	05	05	青龙山
08	05	08	奈曼
08	05	09	扎鲁特
08	05	101081108	霍林郭勒
08	05	11	巴雅尔吐胡硕
08	05	10	高力板
08	08	巴彦淖尔
08	08	02	五原
08	08	03	磴口
08	08	01	临河
08	08	06	乌中旗
08	08	07	乌后旗
08	08	04	乌前旗
08	08	05	大佘太
08	08	08	海力素
08	08	09	那仁宝力格
08	08	10	杭锦后旗
08	09	锡林郭勒
08	09	11	太仆寺
08	09	03	二连浩特
08	09	13	正镶白旗
08	09	01	锡林浩特
08	09	06	苏左旗
08	09	07	苏右旗
08	09	04	阿巴嘎
08	09	10	西乌旗
08	09	08	朱日和
08	09	09	东乌旗
08	09	16	博克图
08	09	12	镶黄旗
08	09	17	乌拉盖
08	09	15	多伦
08	09	14	正蓝旗
08	12	阿拉善盟
08	12	02	阿右旗
08	12	03	额济纳
08	12	01	阿左旗
08	12	06	锡林高勒
08	12	07	头道湖
08	12	04	拐子湖
08	12	05	吉兰太
08	12	08	中泉子
08	12	09	诺尔公
08	12	12	孪井滩
08	12	11	乌斯泰
08	12	10	雅布赖
08	11	兴安盟
08	11	02	阿尔山
08	11	03	科右中旗
08	11	01	乌兰浩特
08	11	06	索伦
08	11	07	突泉
08	11	04	胡尔勒
08	11	05	扎赉特
08	11	09	科右前旗
08	10	呼伦贝尔
08	10	02	小二沟
08	10	03	阿荣旗
08	10	01	海拉尔
08	10	06	鄂温克旗
08	10	07	陈旗
08	10	04	莫力达瓦
08	10	05	鄂伦春旗
08	10	08	新左旗
08	10	09	新右旗
08	10	16	图里河
08	10	12	扎兰屯
08	10	14	额尔古纳
08	10	11	牙克石
08	10	15	根河
08	10	10	满洲里
09	02	保定
09	02	02	满城
09	02	03	阜平
09	02	01	保定
09	02	06	高阳
09	02	07	容城
09	02	04	徐水
09	02	23	定兴
09	02	09	涞源
09	02	14	曲阳
09	02	24	清苑
09	02	25	博野
09	02	20	安国
09	02	21	高碑店
09	02	11	安新
09	02	10	望都
09	02	12	易县
09	02	15	蠡县
09	02	22	涞水
09	02	17	雄县
09	02	16	顺平
09	02	19	定州
09	02	18	涿州
09	02	05	唐县
09	03	张家口
09	03	02	宣化
09	03	03	张北
09	03	13	赤城
09	03	01	张家口
09	03	06	尚义
09	03	07	蔚县
09	03	04	康保
09	03	05	沽源
09	03	08	阳原
09	03	09	怀安
09	03	12	涿鹿
09	03	14	崇礼
09	03	11	怀来
09	03	10	万全
09	01	石家庄
09	01	02	井陉
09	01	03	正定
09	01	13	赵县
09	01	01	石家庄
09	01	06	灵寿
09	01	07	高邑
09	01	04	栾城
09	01	05	行唐
09	01	18	鹿泉
09	01	08	深泽
09	01	09	赞皇
09	01	16	晋州
09	01	12	元氏
09	01	17	新乐
09	01	14	辛集
09	01	11	平山
09	01	15	藁城
09	01	10	无极
09	06	廊坊
09	06	02	固安
09	06	03	永清
09	06	01	廊坊
09	06	06	文安
09	06	07	大厂
09	06	04	香河
09	06	05	大城
09	06	08	霸州
09	06	09	三河
09	07	沧州
09	07	02	青县
09	07	03	东光
09	07	13	黄骅
09	07	01	沧州
09	07	06	肃宁
09	07	07	南皮
09	07	04	海兴
09	07	05	盐山
09	07	08	吴桥
09	07	09	献县
09	07	16	沧县
09	07	12	任丘
09	07	14	河间
09	07	11	泊头
09	07	10	孟村
09	04	承德
09	04	02	承德
09	04	03	承德县
09	04	06	滦平
09	04	07	隆化
09	04	04	兴隆
09	04	05	平泉
09	04	08	丰宁
09	04	09	宽城
09	04	10	围场
09	05	唐山
09	05	02	丰南
09	05	03	丰润
09	05	01	唐山
09	05	06	乐亭
09	05	07	迁西
09	05	04	滦县
09	05	05	滦南
09	05	08	玉田
09	05	09	唐海
09	05	12	曹妃甸
09	05	11	迁安
09	05	10	遵化
09	08	衡水
09	08	02	枣强
09	08	03	武邑
09	08	01	衡水
09	08	06	安平
09	08	07	故城
09	08	04	武强
09	08	05	饶阳
09	08	08	景县
09	08	09	阜城
09	08	11	深州
09	08	10	冀州
09	09	邢台
09	09	02	临城
09	09	10	新河
09	09	13	威县
09	09	01	邢台
09	09	06	隆尧
09	09	07	南和
09	09	04	内丘
09	09	05	柏乡
09	09	18	任县
09	09	08	宁晋
09	09	09	巨鹿
09	09	16	南宫
09	09	12	平乡
09	09	17	沙河
09	09	11	广宗
09	09	15	临西
09	09	14	清河
09	11	秦皇岛
09	11	02	青龙
09	11	03	昌黎
09	11	01	秦皇岛
09	11	06	北戴河
09	11	04	抚宁
09	11	05	卢龙
09	10	邯郸
09	10	02	峰峰
09	10	03	临漳
09	10	13	馆陶
09	10	01	邯郸
09	10	06	涉县
09	10	07	磁县
09	10	04	成安
09	10	05	大名
09	10	08	肥乡
09	10	09	永年
09	10	16	武安
09	10	12	广平
09	10	14	魏县
09	10	11	鸡泽
09	10	15	曲周
09	10	10	邱县
10	02	大同
10	02	02	阳高
10	02	03	大同县
10	02	01	大同
10	02	06	灵丘
10	02	07	浑源
10	02	04	天镇
10	02	05	广灵
10	02	08	左云
10	03	阳泉
10	03	02	盂县
10	03	03	平定
10	03	01	阳泉
10	01	太原
10	01	02	清徐
10	01	03	阳曲
10	01	01	太原
10	01	06	尖草坪区
10	01	07	小店区
10	01	04	娄烦
10	01	05	古交
10	06	晋城
10	06	02	沁水
10	06	03	阳城
10	06	01	晋城
10	06	06	泽州
10	06	04	陵川
10	06	05	高平
10	07	临汾
10	07	02	曲沃
10	07	03	永和
10	07	13	翼城
10	07	01	临汾
10	07	06	吉县
10	07	07	襄汾
10	07	04	隰县
10	07	05	大宁
10	07	08	蒲县
10	07	09	汾西
10	07	16	安泽
10	07	12	乡宁
10	07	17	古县
10	07	14	侯马
10	07	11	霍州
10	07	15	浮山
10	07	10	洪洞
10	04	晋中
10	04	02	榆次
10	04	03	榆社
10	04	01	晋中
10	04	06	昔阳
10	04	07	寿阳
10	04	04	左权
10	04	05	和顺
10	04	08	太谷
10	04	09	祁县
10	04	12	介休
10	04	11	灵石
10	04	10	平遥
10	05	长治
10	05	02	黎城
10	05	03	屯留
10	05	01	长治
10	05	06	平顺
10	05	07	武乡
10	05	04	潞城
10	05	05	襄垣
10	05	08	沁县
10	05	09	长子
10	05	11	壶关
10	05	10	沁源
10	08	运城
10	08	02	临猗
10	08	03	稷山
10	08	13	平陆
10	08	01	运城
10	08	06	新绛
10	08	07	绛县
10	08	04	万荣
10	08	05	河津
10	08	08	闻喜
10	08	09	垣曲
10	08	12	夏县
10	08	11	芮城
10	08	10	永济
10	09	朔州
10	09	02	平鲁
10	09	03	山阴
10	09	01	朔州
10	09	06	怀仁
10	09	04	右玉
10	09	05	应县
10	11	吕梁
10	11	02	临县
10	11	03	兴县
10	11	00	吕梁
10	11	01	离石
10	11	06	石楼
10	11	07	方山
10	11	04	岚县
10	11	05	柳林
10	11	08	交口
10	11	09	中阳
10	11	13	交城
10	11	12	文水
10	11	11	汾阳
10	11	10	孝义
10	10	忻州
10	10	02	定襄
10	10	03	五台县
10	10	13	岢岚
10	10	01	忻州
10	10	06	神池
10	10	07	宁武
10	10	04	河曲
10	10	05	偏关
10	10	08	代县
10	10	09	繁峙
10	10	12	静乐
10	10	14	五寨
10	10	11	保德
10	10	15	原平
10	10	10	五台山
11	02	咸阳
11	02	02	礼泉
11	02	03	永寿
11	02	00	咸阳
11	02	01	三原
11	02	06	武功
11	02	07	乾县
11	02	04	淳化
11	02	05	泾阳
11	02	08	彬县
11	02	09	长武
11	02	11	兴平
11	02	10	旬邑
11	03	延安
11	03	02	延川
11	03	03	子长
11	03	00	延安
11	03	01	延长
11	03	06	志丹
11	03	07	安塞
11	03	04	宜川
11	03	05	富县
11	03	08	甘泉
11	03	09	洛川
11	03	12	吴起
11	03	11	黄龙
11	03	10	黄陵
11	01	西安
11	01	02	长安
11	01	03	临潼
11	01	01	西安
11	01	06	户县
11	01	07	高陵
11	01	04	蓝田
11	01	05	周至
11	06	商洛
11	06	02	洛南
11	06	03	柞水
11	06	01	商洛
11	06	06	丹凤
11	06	07	商南
11	06	04	商州
11	06	05	镇安
11	06	08	山阳
11	07	安康
11	07	02	紫阳
11	07	03	石泉
11	07	01	安康
11	07	06	岚皋
11	07	07	平利
11	07	04	汉阴
11	07	05	旬阳
11	07	08	白河
11	07	09	镇坪
11	07	10	宁陕
11	04	榆林
11	04	02	府谷
11	04	03	神木
11	04	13	榆阳
11	04	01	榆林
11	04	06	靖边
11	04	07	横山
11	04	04	佳县
11	04	05	定边
11	04	08	米脂
11	04	09	子洲
11	04	12	清涧
11	04	11	吴堡
11	04	10	绥德
11	05	渭南
11	05	02	华县
11	05	03	潼关
11	05	01	渭南
11	05	06	富平
11	05	07	蒲城
11	05	04	大荔
11	05	05	白水
11	05	08	澄城
11	05	09	合阳
11	05	11	华阴
11	05	10	韩城
11	08	汉中
11	08	02	略阳
11	08	03	勉县
11	08	01	汉中
11	08	06	城固
11	08	07	西乡
11	08	04	留坝
11	08	05	洋县
11	08	08	佛坪
11	08	09	宁强
11	08	11	镇巴
11	08	10	南郑
11	09	宝鸡
11	09	11	陇县
11	09	03	千阳
11	09	01	宝鸡
11	09	06	凤翔
11	09	07	扶风
11	09	04	麟游
11	09	05	岐山
11	09	08	眉县
11	09	09	太白
11	09	12	陈仓
11	09	10	凤县
11	11	杨凌
11	11	01	杨凌
11	10	铜川
11	10	02	耀县
11	10	03	宜君
11	10	01	铜川
11	10	04	耀州
12	02	青岛
12	02	02	崂山
12	02	01	青岛
12	02	06	胶南
12	02	07	莱西
12	02	04	即墨
12	02	05	胶州
12	02	08	平度
12	03	淄博
12	03	02	淄川
12	03	03	博山
12	03	01	淄博
12	03	06	沂源
12	03	07	桓台
12	03	04	高青
12	03	05	周村
12	03	08	临淄
12	13	威海
12	13	02	文登
12	13	03	荣成
12	13	01	威海
12	13	06	石岛
12	13	04	乳山
12	13	05	成山头
12	01	济南
12	01	02	长清
12	01	03	商河
12	01	01	济南
12	01	06	济阳
12	01	04	章丘
12	01	05	平阴
12	06	潍坊
12	06	02	青州
12	06	03	寿光
12	06	01	潍坊
12	06	06	昌邑
12	06	07	安丘
12	06	04	临朐
12	06	05	昌乐
12	06	08	高密
12	06	09	诸城
12	07	济宁
12	07	02	嘉祥
12	07	03	微山
12	07	01	济宁
12	07	06	金乡
12	07	07	汶上
12	07	04	鱼台
12	07	05	兖州
12	07	08	泗水
12	07	09	梁山
12	07	11	邹城
12	07	10	曲阜
12	04	德州
12	04	02	武城
12	04	03	临邑
12	04	01	德州
12	04	06	乐陵
12	04	07	庆云
12	04	04	陵县
12	04	05	齐河
12	04	08	平原
12	04	09	宁津
12	04	11	禹城
12	04	10	夏津
12	05	烟台
12	05	02	莱州
12	05	03	长岛
12	05	01	烟台
12	05	06	招远
12	05	07	栖霞
12	05	04	蓬莱
12	05	05	龙口
12	05	08	福山
12	05	09	牟平
12	05	11	海阳
12	05	10	莱阳
12	08	泰安
12	08	02	新泰
12	08	01	泰安
12	08	06	宁阳
12	08	04	肥城
12	08	05	东平
12	09	临沂
12	09	02	莒南
12	09	03	沂南
12	09	01	临沂
12	09	06	郯城
12	09	07	蒙阴
12	09	04	苍山
12	09	05	临沭
12	09	08	平邑
12	09	09	费县
12	09	10	沂水
12	16	莱芜
12	16	01	莱芜
12	12	东营
12	12	02	河口
12	12	03	垦利
12	12	01	东营
12	12	04	利津
12	12	05	广饶
12	17	聊城
12	17	02	冠县
12	17	03	阳谷
12	17	01	聊城
12	17	06	东阿
12	17	07	临清
12	17	04	高唐
12	17	05	茌平
12	17	09	莘县
12	14	枣庄
12	14	02	薛城
12	14	03	峄城
12	14	01	枣庄
12	14	04	台儿庄
12	14	05	滕州
12	11	滨州
12	11	02	博兴
12	11	03	无棣
12	11	01	滨州
12	11	06	沾化
12	11	07	邹平
12	11	04	阳信
12	11	05	惠民
12	15	日照
12	15	02	五莲
12	15	03	莒县
12	15	01	日照
12	10	菏泽
12	10	02	鄄城
12	10	03	郓城
12	10	01	菏泽
12	10	06	巨野
12	10	07	曹县
12	10	04	东明
12	10	05	定陶
12	10	08	成武
12	10	09	单县
13	02	克拉玛依
13	02	02	乌尔禾
13	02	03	白碱滩
13	02	01	克拉玛依
13	03	石河子
13	03	02	炮台
13	03	03	莫索湾
13	03	01	石河子
13	13	和田
13	13	02	皮山
13	13	03	策勒
13	13	01	和田
13	13	06	民丰
13	13	07	于田
13	13	04	墨玉
13	13	05	洛浦
13	01	乌鲁木齐
13	01	03	小渠子
13	01	01	乌鲁木齐
13	01	10	白杨沟
13	01	08	乌鲁木齐牧试站
13	01	09	天池
13	01	05	达坂城
13	06	巴州
13	06	02	轮台
13	06	03	尉犁
13	06	13	塔中
13	06	01	库尔勒
13	06	06	和静
13	06	07	焉耆
13	06	04	若羌
13	06	05	且末
13	06	08	和硕
13	06	12	博湖
13	06	14	巴仑台
13	06	11	铁干里克
13	06	10	巴音布鲁克
13	07	阿拉尔
13	07	01	阿拉尔
13	04	昌吉
13	04	02	呼图壁
13	04	03	米泉
13	04	01	昌吉
13	04	06	奇台
13	04	07	玛纳斯
13	04	04	阜康
13	04	05	吉木萨尔
13	04	08	木垒
13	04	09	蔡家湖
13	05	吐鲁番
13	05	02	托克逊
13	05	01	吐鲁番
13	05	04	鄯善
13	08	阿克苏
13	08	02	乌什
13	08	03	温宿
13	08	01	阿克苏
13	08	06	沙雅
13	08	07	库车
13	08	04	拜城
13	08	05	新和
13	08	08	柯坪
13	08	09	阿瓦提
13	09	喀什
13	09	02	英吉沙
13	09	03	塔什库尔干
13	09	01	喀什
13	09	06	叶城
13	09	07	泽普
13	09	04	麦盖提
13	09	05	莎车
13	09	08	巴楚
13	09	09	岳普湖
13	09	12	疏勒
13	09	11	疏附
13	09	10	伽师
13	16	博州
13	16	02	温泉
13	16	03	精河
13	16	01	博乐
13	16	06	阿拉山口
13	12	哈密
13	12	03	巴里坤
13	12	01	哈密
13	12	04	伊吾
13	14	阿勒泰
13	14	02	哈巴河
13	14	01	阿勒泰
13	14	06	布尔津
13	14	07	福海
13	14	05	吉木乃
13	14	08	富蕴
13	14	09	青河
13	11	塔城
13	11	02	裕民
13	11	03	额敏
13	11	01	塔城
13	11	06	乌苏
13	11	07	沙湾
13	11	04	和布克赛尔
13	11	05	托里
13	15	克州
13	15	02	乌恰
13	15	03	阿克陶
13	15	01	阿图什
13	15	04	阿合奇
13	10	伊犁
13	10	02	察布查尔
13	10	03	尼勒克
13	10	01	伊宁
13	10	06	新源
13	10	07	昭苏
13	10	04	伊宁县
13	10	05	巩留
13	10	08	特克斯
13	10	09	霍城
13	10	11	奎屯
13	10	10	霍尔果斯
14	02	日喀则
14	02	02	拉孜
14	02	03	南木林
14	02	13	萨迦
14	02	01	日喀则
14	02	06	江孜
14	02	07	帕里
14	02	04	聂拉木
14	02	05	定日
14	02	19	康马
14	02	18	亚东
14	02	08	仲巴
14	02	09	萨嘎
14	02	16	岗巴
14	02	12	定结
14	02	17	白朗
14	02	14	谢通门
14	02	11	昂仁
14	02	20	仁布
14	02	10	吉隆
14	03	山南
14	03	02	贡嘎
14	03	03	扎囊
14	03	13	琼结
14	03	01	山南
14	03	06	错那
14	03	07	隆子
14	03	04	加查
14	03	05	浪卡子
14	03	08	泽当
14	03	09	乃东
14	03	12	措美
14	03	14	曲松
14	03	11	洛扎
14	03	10	桑日
14	01	拉萨
14	01	02	当雄
14	01	03	尼木
14	01	01	拉萨
14	01	06	曲水
14	01	07	达孜
14	01	04	林周
14	01	05	堆龙德庆
14	01	08	墨竹工卡
14	06	那曲
14	06	02	尼玛
14	06	03	嘉黎
14	06	01	那曲
14	06	06	索县
14	06	07	聂荣
14	06	04	班戈
14	06	05	安多
14	06	08	巴青
14	06	09	比如
14	06	10	双湖
14	07	阿里
14	07	02	改则
14	07	03	申扎
14	07	01	阿里
14	07	06	札达
14	07	07	噶尔
14	07	04	狮泉河
14	07	05	普兰
14	07	08	日土
14	07	09	革吉
14	07	10	措勤
14	04	林芝
14	04	02	波密
14	04	03	米林
14	04	01	林芝
14	04	06	朗县
14	04	07	墨脱
14	04	04	察隅
14	04	05	工布江达
14	05	昌都
14	05	02	丁青
14	05	03	边坝
14	05	01	昌都
14	05	06	芒康
14	05	07	类乌齐
14	05	04	洛隆
14	05	05	左贡
14	05	08	八宿
14	05	09	江达
14	05	11	贡觉
14	05	10	察雅
15	02	海东
15	02	02	乐都
15	02	03	民和
15	02	01	海东
15	02	06	循化
15	02	07	冷湖
15	02	04	互助
15	02	05	化隆
15	02	08	平安
15	03	黄南
15	03	02	尖扎
15	03	03	泽库
15	03	01	黄南
15	03	04	河南
15	03	05	同仁
15	01	西宁
15	01	02	大通
15	01	03	湟源
15	01	01	西宁
15	01	04	湟中
15	06	玉树
15	06	02	称多
15	06	03	治多
15	06	01	玉树
15	06	06	曲麻莱
15	06	04	杂多
15	06	05	囊谦
15	07	海西
15	07	13	大柴旦
15	07	12	茫崖
15	07	16	德令哈
15	07	08	天峻
15	07	09	乌兰
15	07	01	海西
15	04	海南
15	04	01	海南
15	04	06	兴海
15	04	07	贵南
15	04	04	贵德
15	04	08	同德
15	04	09	共和
15	05	果洛
15	05	02	班玛
15	05	03	甘德
15	05	01	果洛
15	05	06	玛多
15	05	07	多县
15	05	04	达日
15	05	05	久治
15	05	08	玛沁
15	08	海北
15	08	02	门源
15	08	03	祁连
15	08	01	海北
15	08	06	刚察
15	08	04	海晏
15	09	格尔木
15	09	02	都兰
15	09	01	格尔木
16	02	定西
16	02	02	通渭
16	02	03	陇西
16	02	01	定西
16	02	06	漳县
16	02	07	岷县
16	02	04	渭源
16	02	05	临洮
16	02	08	安定
16	03	平凉
16	03	02	泾川
16	03	03	灵台
16	03	01	平凉
16	03	06	庄浪
16	03	07	静宁
16	03	04	崇信
16	03	05	华亭
16	03	08	崆峒
16	13	白银
16	13	02	靖远
16	13	03	会宁
16	13	01	白银
16	13	04	平川
16	13	05	景泰
16	01	兰州
16	01	02	皋兰
16	01	03	永登
16	01	01	兰州
16	01	04	榆中
16	06	金昌
16	06	02	永昌
16	06	01	金昌
16	07	张掖
16	07	02	肃南
16	07	03	民乐
16	07	01	张掖
16	07	06	山丹
16	07	04	临泽
16	07	05	高台
16	04	庆阳
16	04	03	环县
16	04	01	西峰
16	04	06	正宁
16	04	07	宁县
16	04	04	华池
16	04	05	合水
16	04	08	镇原
16	04	09	庆城
16	05	武威
16	05	02	民勤
16	05	03	古浪
16	05	01	武威
16	05	05	天祝
16	08	酒泉
16	08	03	金塔
16	08	01	酒泉
16	08	06	肃北
16	08	07	玉门
16	08	04	阿克塞
16	08	05	瓜州
16	08	08	敦煌
16	09	天水
16	09	03	清水
16	09	01	天水
16	09	06	武山
16	09	07	张家川
16	09	04	秦安
16	09	05	甘谷
16	09	08	麦积
16	12	甘南
16	12	02	临潭
16	12	03	卓尼
16	12	01	合作
16	12	06	玛曲
16	12	07	碌曲
16	12	04	舟曲
16	12	05	迭部
16	12	08	夏河
16	14	嘉峪关
16	14	01	嘉峪关
16	11	临夏
16	11	02	康乐
16	11	03	永靖
16	11	01	临夏
16	11	06	东乡
16	11	07	积石山
16	11	04	广河
16	11	05	和政
16	10	陇南
16	10	02	成县
16	10	03	文县
16	10	01	武都
16	10	06	西和
16	10	07	礼县
16	10	04	宕昌
16	10	05	康县
16	10	08	徽县
16	10	09	两当
17	02	石嘴山
17	02	02	惠农
17	02	03	平罗
17	02	01	石嘴山
17	02	04	陶乐
17	03	吴忠
17	03	02	同心
17	03	03	盐池
17	03	01	吴忠
17	03	06	青铜峡
17	01	银川
17	01	02	永宁
17	01	03	灵武
17	01	01	银川
17	01	04	贺兰
17	04	固原
17	04	02	西吉
17	04	03	隆德
17	04	01	固原
17	04	06	彭阳
17	04	04	泾源
17	05	中卫
17	05	02	中宁
17	05	01	中卫
17	05	04	海原
18	02	安阳
18	02	02	汤阴
18	02	03	滑县
18	02	01	安阳
18	02	04	内黄
18	02	05	林州
18	03	新乡
18	03	02	获嘉
18	03	03	原阳
18	03	01	新乡
18	03	06	延津
18	03	07	封丘
18	03	04	辉县
18	03	05	卫辉
18	03	08	长垣
18	13	濮阳
18	13	02	台前
18	13	03	南乐
18	13	01	濮阳
18	13	04	清丰
18	13	05	范县
18	01	郑州
18	01	02	巩义
18	01	03	荥阳
18	01	01	郑州
18	01	06	新郑
18	01	07	中牟
18	01	04	登封
18	01	05	新密
18	01	08	上街
18	06	信阳
18	06	02	息县
18	06	03	罗山
18	06	01	信阳
18	06	06	淮滨
18	06	07	潢川
18	06	04	光山
18	06	05	新县
18	06	08	固始
18	06	09	商城
18	07	南阳
18	07	02	南召
18	07	03	方城
18	07	01	南阳
18	07	06	内乡
18	07	07	镇平
18	07	04	社旗
18	07	05	西峡
18	07	08	淅川
18	07	09	新野
18	07	12	桐柏
18	07	11	邓州
18	07	10	唐河
18	04	许昌
18	04	02	鄢陵
18	04	03	襄城
18	04	01	许昌
18	04	04	长葛
18	04	05	禹州
18	05	平顶山
18	05	02	郏县
18	05	03	宝丰
18	05	01	平顶山
18	05	06	舞钢
18	05	07	鲁山
18	05	04	汝州
18	05	05	叶县
18	05	08	石龙
18	18	济源
18	18	01	济源
18	08	开封
18	08	02	杞县
18	08	03	尉氏
18	08	01	开封
18	08	04	通许
18	08	05	兰考
18	09	洛阳
18	09	02	新安
18	09	03	孟津
18	09	01	洛阳
18	09	06	伊川
18	09	07	嵩县
18	09	04	宜阳
18	09	05	洛宁
18	09	08	偃师
18	09	09	栾川
18	09	11	吉利
18	09	10	汝阳
18	16	驻马店
18	16	02	西平
18	16	03	遂平
18	16	01	驻马店
18	16	06	泌阳
18	16	07	平舆
18	16	04	上蔡
18	16	05	汝南
18	16	08	新蔡
18	16	09	确山
18	16	10	正阳
18	12	鹤壁
18	12	02	浚县
18	12	03	淇县
18	12	01	鹤壁
18	17	三门峡
18	17	02	灵宝
18	17	03	渑池
18	17	01	三门峡
18	17	06	陕县
18	17	04	卢氏
18	17	05	义马
18	14	周口
18	14	02	扶沟
18	14	03	太康
18	14	01	周口
18	14	06	商水
18	14	07	项城
18	14	04	淮阳
18	14	05	西华
18	14	08	郸城
18	14	09	鹿邑
18	14	10	沈丘
18	11	焦作
18	11	02	修武
18	11	03	武陟
18	11	01	焦作
18	11	06	博爱
18	11	07	温县
18	11	04	沁阳
18	11	08	孟州
18	15	漯河
18	15	02	临颍
18	15	03	舞阳
18	15	01	漯河
18	10	商丘
18	10	03	睢县
18	10	01	商丘
18	10	06	柘城
18	10	07	宁陵
18	10	04	民权
18	10	05	虞城
18	10	08	夏邑
18	10	09	永城
19	02	无锡
19	02	02	江阴
19	02	03	宜兴
19	02	01	无锡
19	02	04	锡山
19	03	镇江
19	03	02	丹阳
19	03	03	扬中
19	03	01	镇江
19	03	04	句容
19	03	05	丹徒
19	13	宿迁
19	13	02	沭阳
19	13	03	泗阳
19	13	01	宿迁
19	13	04	泗洪
19	13	05	宿豫
19	01	南京
19	01	02	溧水
19	01	03	高淳
19	01	01	南京
19	01	06	江浦
19	01	07	浦口
19	01	04	江宁
19	01	05	六合
19	06	扬州
19	06	02	宝应
19	06	03	仪征
19	06	01	扬州
19	06	06	邗江
19	06	04	高邮
19	06	05	江都
19	07	盐城
19	07	02	响水
19	07	03	滨海
19	07	01	盐城
19	07	06	建湖
19	07	07	东台
19	07	04	阜宁
19	07	05	射阳
19	07	08	大丰
19	07	09	盐都
19	04	苏州
19	04	02	常熟
19	04	03	张家港
19	04	01	苏州
19	04	07	吴江
19	04	04	昆山
19	04	05	吴中
19	04	08	太仓
19	05	南通
19	05	02	海安
19	05	03	如皋
19	05	01	南通
19	05	07	启东
19	05	04	如东
19	05	08	海门
19	05	09	通州
19	08	徐州
19	08	02	铜山
19	08	03	丰县
19	08	01	徐州
19	08	06	睢宁
19	08	07	新沂
19	08	04	沛县
19	08	05	邳州
19	09	淮安
19	09	02	金湖
19	09	03	盱眙
19	09	01	淮安
19	09	06	淮阴区
19	09	04	洪泽
19	09	05	涟水
19	09	08	淮安区
19	12	泰州
19	12	02	兴化
19	12	03	泰兴
19	12	01	泰州
19	12	04	姜堰
19	12	05	靖江
19	11	常州
19	11	02	溧阳
19	11	03	金坛
19	11	01	常州
19	11	04	武进
19	10	连云港
19	10	02	东海
19	10	03	赣榆
19	10	01	连云港
19	10	04	灌云
19	10	05	灌南
20	02	襄阳
20	02	02	襄州
20	02	03	保康
20	02	01	襄阳
20	02	06	老河口
20	02	07	谷城
20	02	04	南漳
20	02	05	宜城
20	02	08	枣阳
20	03	鄂州
20	03	02	梁子湖
20	03	01	鄂州
20	13	随州
20	13	02	广水
20	13	01	随州
20	01	武汉
20	01	02	蔡甸
20	01	03	黄陂
20	01	01	武汉
20	01	06	东西湖
20	01	04	新洲
20	01	05	江夏
20	06	黄石
20	06	02	大冶
20	06	03	阳新
20	06	01	黄石
20	06	06	西塞山
20	06	04	铁山
20	06	05	下陆
20	07	咸宁
20	07	02	赤壁
20	07	03	嘉鱼
20	07	01	咸宁
20	07	06	通山
20	07	04	崇阳
20	07	05	通城
20	04	孝感
20	04	02	安陆
20	04	03	云梦
20	04	01	孝感
20	04	06	汉川
20	04	07	孝昌
20	04	04	大悟
20	04	05	应城
20	05	黄冈
20	05	02	红安
20	05	03	麻城
20	05	01	黄冈
20	05	06	浠水
20	05	07	蕲春
20	05	04	罗田
20	05	05	英山
20	05	08	黄梅
20	05	09	武穴
20	05	10	团风
20	08	荆州
20	08	02	江陵
20	08	03	公安
20	08	01	荆州
20	08	06	洪湖
20	08	07	松滋
20	08	04	石首
20	08	05	监利
20	08	101201406	沙市
20	09	宜昌
20	09	02	远安
20	09	03	秭归
20	09	01	宜昌
20	09	06	五峰
20	09	07	当阳
20	09	04	兴山
20	09	05	宜昌县
20	09	08	长阳
20	09	09	宜都
20	09	12	夷陵
20	09	11	三峡
20	09	10	枝江
20	16	仙桃
20	16	01	仙桃
20	12	神农架
20	12	01	神农架
20	17	潜江
20	17	01	潜江
20	14	荆门
20	14	02	钟祥
20	14	03	京山
20	14	01	荆门
20	14	04	掇刀
20	14	05	沙洋
20	11	十堰
20	11	02	竹溪
20	11	03	郧西
20	11	01	十堰
20	11	06	房县
20	11	07	丹江口
20	11	04	郧县
20	11	05	竹山
20	11	08	茅箭
20	11	09	张湾
20	15	天门
20	15	01	天门
20	10	恩施
20	10	02	利川
20	10	03	建始
20	10	01	恩施
20	10	06	鹤峰
20	10	07	来凤
20	10	04	咸丰
20	10	05	宣恩
20	10	08	巴东
21	02	湖州
21	02	02	长兴
21	02	03	安吉
21	02	01	湖州
21	02	04	德清
21	03	嘉兴
21	03	02	嘉善
21	03	03	海宁
21	03	01	嘉兴
21	03	06	海盐
21	03	04	桐乡
21	03	05	平湖
21	01	杭州
21	01	02	萧山
21	01	03	桐庐
21	01	01	杭州
21	01	06	余杭
21	01	07	临安
21	01	04	淳安
21	01	05	建德
21	01	08	富阳
21	06	台州
21	06	11	椒江
21	06	03	玉环
21	06	13	路桥
21	06	01	台州
21	06	06	仙居
21	06	07	温岭
21	06	04	三门
21	06	05	天台
21	06	09	洪家
21	06	12	黄岩
21	06	10	临海
21	07	温州
21	07	02	泰顺
21	07	03	文成
21	07	01	温州
21	07	06	洞头
21	07	07	乐清
21	07	04	平阳
21	07	05	瑞安
21	07	08	永嘉
21	07	09	苍南
21	04	宁波
21	04	11	鄞州
21	04	03	慈溪
21	04	01	宁波
21	04	06	象山
21	04	04	余姚
21	04	05	奉化
21	04	08	宁海
21	04	12	镇海
21	04	10	北仑
21	05	绍兴
21	05	02	诸暨
21	05	03	上虞
21	05	01	绍兴
21	05	04	新昌
21	05	05	嵊州
21	08	丽水
21	08	02	遂昌
21	08	03	龙泉
21	08	01	丽水
21	08	06	云和
21	08	07	庆元
21	08	04	缙云
21	08	05	青田
21	08	08	松阳
21	08	09	景宁
21	09	金华
21	09	02	浦江
21	09	03	兰溪
21	09	01	金华
21	09	06	武义
21	09	07	永康
21	09	04	义乌
21	09	05	东阳
21	09	08	磐安
21	11	舟山
21	11	02	嵊泗
21	11	01	舟山
21	11	06	定海
21	11	04	岱山
21	11	05	普陀
21	10	衢州
21	10	02	常山
21	10	03	开化
21	10	01	衢州
21	10	06	衢江
21	10	04	龙游
21	10	05	江山
22	02	蚌埠
22	02	02	怀远
22	02	03	固镇
22	02	01	蚌埠
22	02	04	五河
22	03	芜湖
22	03	02	繁昌
22	03	03	芜湖县
22	03	01	芜湖
22	03	04	南陵
22	13	铜陵
22	13	01	铜陵
22	01	合肥
22	01	02	长丰
22	01	03	肥东
22	01	01	合肥
22	01	04	肥西
22	06	安庆
22	06	02	枞阳
22	06	03	太湖
22	06	01	安庆
22	06	06	宿松
22	06	07	望江
22	06	04	潜山
22	06	05	怀宁
22	06	08	岳西
22	06	09	桐城
22	07	宿州
22	07	02	砀山
22	07	03	灵璧
22	07	01	宿州
22	07	04	泗县
22	07	05	萧县
22	04	淮南
22	04	02	凤台
22	04	03	潘集
22	04	01	淮南
22	05	马鞍山
22	05	02	当涂
22	05	01	马鞍山
22	08	阜阳
22	08	02	阜南
22	08	03	颍上
22	08	01	阜阳
22	08	06	太和
22	08	04	临泉
22	08	05	界首
22	09	亳州
22	09	02	涡阳
22	09	03	利辛
22	09	01	亳州
22	09	04	蒙城
22	16	巢湖
22	16	02	庐江
22	16	03	无为
22	16	01	巢湖
22	16	04	含山
22	16	05	和县
22	12	淮北
22	12	02	濉溪
22	12	01	淮北
22	17	池州
22	17	02	东至
22	17	03	青阳
22	17	01	池州
22	17	04	九华山
22	17	05	石台
22	14	宣城
22	14	02	泾县
22	14	03	旌德
22	14	01	宣城
22	14	06	广德
22	14	07	郎溪
22	14	04	宁国
22	14	05	绩溪
22	11	滁州
22	11	02	凤阳
22	11	03	明光
22	11	01	滁州
22	11	06	来安
22	11	07	天长
22	11	04	定远
22	11	05	全椒
22	15	六安
22	15	02	霍邱
22	15	03	寿县
22	15	01	六安
22	15	06	霍山
22	15	07	舒城
22	15	05	金寨
22	10	黄山
22	10	02	黄山区
22	10	03	屯溪
22	10	01	黄山市
22	10	06	歙县
22	10	07	休宁
22	10	04	祁门
22	10	05	黟县
22	10	08	黄山风景区
23	02	厦门
23	02	02	同安
23	02	01	厦门
23	03	宁德
23	03	02	古田
23	03	03	霞浦
23	03	01	宁德
23	03	06	福安
23	03	07	柘荣
23	03	04	寿宁
23	03	05	周宁
23	03	08	福鼎
23	03	09	屏南
23	01	福州
23	01	02	闽清
23	01	03	闽侯
23	01	01	福州
23	01	07	永泰
23	01	04	罗源
23	01	05	连江
23	01	08	平潭
23	01	11	福清
23	01	10	长乐
23	06	漳州
23	06	02	长泰
23	06	03	南靖
23	06	01	漳州
23	06	06	漳浦
23	06	07	诏安
23	06	04	平和
23	06	05	龙海
23	06	08	东山
23	06	09	云霄
23	06	10	华安
23	07	龙岩
23	07	02	长汀
23	07	03	连城
23	07	01	龙岩
23	07	06	永定
23	07	07	漳平
23	07	04	武平
23	07	05	上杭
23	04	莆田
23	04	02	仙游
23	04	03	秀屿港
23	04	01	莆田
23	04	06	荔城
23	04	07	城厢
23	04	04	涵江
23	04	05	秀屿
23	05	泉州
23	05	02	安溪
23	05	10	石狮
23	05	01	泉州
23	05	06	南安
23	05	07	崇武
23	05	04	永春
23	05	05	德化
23	05	08	惠安
23	05	09	晋江
23	08	三明
23	08	02	宁化
23	08	03	清流
23	08	01	三明
23	08	06	建宁
23	08	07	明溪
23	08	04	泰宁
23	08	05	将乐
23	08	08	沙县
23	08	09	尤溪
23	08	11	大田
23	08	10	永安
23	09	南平
23	09	02	顺昌
23	09	03	光泽
23	09	01	南平
23	09	06	浦城
23	09	07	建阳
23	09	04	邵武
23	09	05	武夷山
23	09	08	松溪
23	09	09	政和
23	09	10	建瓯
24	02	九江
24	02	02	瑞昌
24	02	03	庐山
24	02	01	九江
24	02	06	永修
24	02	07	湖口
24	02	04	武宁
24	02	05	德安
24	02	08	彭泽
24	02	09	星子
24	02	12	修水
24	02	10	都昌
24	03	上饶
24	03	02	鄱阳
24	03	03	婺源
24	03	13	广丰
24	03	01	上饶
24	03	06	万年
24	03	07	德兴
24	03	05	余干
24	03	08	上饶县
24	03	09	弋阳
24	03	12	玉山
24	03	11	铅山
24	03	10	横峰
24	01	南昌
24	01	02	新建
24	01	03	南昌县
24	01	01	南昌
24	01	04	安义
24	01	05	进贤
24	06	吉安
24	06	02	吉安县
24	06	03	吉水
24	06	13	宁冈
24	06	01	吉安
24	06	06	永丰
24	06	07	永新
24	06	04	新干
24	06	05	峡江
24	06	08	井冈山
24	06	09	万安
24	06	12	安福
24	06	11	泰和
24	06	10	遂川
24	07	赣州
24	07	02	崇义
24	07	03	上犹
24	07	13	全南
24	07	01	赣州
24	07	06	信丰
24	07	07	宁都
24	07	04	南康
24	07	05	大余
24	07	18	赣县
24	07	08	石城
24	07	09	瑞金
24	07	16	寻乌
24	07	12	安远
24	07	17	兴国
24	07	14	龙南
24	07	11	会昌
24	07	15	定南
24	07	10	于都
24	04	抚州
24	04	02	广昌
24	04	03	乐安
24	04	01	抚州
24	04	06	资溪
24	04	07	宜黄
24	04	04	崇仁
24	04	05	金溪
24	04	08	南城
24	04	09	南丰
24	04	11	东乡
24	04	10	黎川
24	05	宜春
24	05	02	铜鼓
24	05	03	宜丰
24	05	01	宜春
24	05	06	靖安
24	05	07	奉新
24	05	04	万载
24	05	05	上高
24	05	08	高安
24	05	09	樟树
24	05	10	丰城
24	08	景德镇
24	08	02	乐平
24	08	03	浮梁
24	08	01	景德镇
24	09	萍乡
24	09	02	莲花
24	09	03	上栗
24	09	01	萍乡
24	09	06	湘东
24	09	04	安源
24	09	05	芦溪
24	11	鹰潭
24	11	02	余江
24	11	03	贵溪
24	11	01	鹰潭
24	10	新余
24	10	02	分宜
24	10	01	新余
25	02	湘潭
25	02	02	韶山
25	02	03	湘乡
25	02	01	湘潭
25	03	株洲
25	03	02	攸县
25	03	03	醴陵
25	03	01	株洲
25	03	06	炎陵
25	03	05	茶陵
25	01	长沙
25	01	02	宁乡
25	01	03	浏阳
25	01	01	长沙
25	01	04	马坡岭
25	01	05	望城
25	06	常德
25	06	02	安乡
25	06	03	桃源
25	06	01	常德
25	06	06	临澧
25	06	07	石门
25	06	04	汉寿
25	06	05	澧县
25	06	08	津市
25	07	益阳
25	07	02	南县
25	07	03	桃江
25	07	00	益阳
25	07	01	赫山区
25	07	04	安化
25	07	05	沅江
25	04	衡阳
25	04	02	衡山
25	04	03	衡东
25	04	01	衡阳
25	04	06	常宁
25	04	07	衡南
25	04	04	祁东
25	04	05	衡阳县
25	04	08	耒阳
25	04	09	南岳
25	05	郴州
25	05	02	桂阳
25	05	03	嘉禾
25	05	01	郴州
25	05	07	资兴
25	05	04	宜章
25	05	05	临武
25	05	08	汝城
25	05	09	安仁
25	05	12	苏仙
25	05	11	桂东
25	05	10	永兴
25	08	娄底
25	08	02	双峰
25	08	03	冷水江
25	08	01	娄底
25	08	06	涟源
25	08	05	新化
25	09	邵阳
25	09	02	隆回
25	09	03	洞口
25	09	01	邵阳
25	09	06	绥宁
25	09	07	新宁
25	09	04	新邵
25	09	05	邵东
25	09	08	武冈
25	09	09	城步
25	09	10	邵阳县
25	12	怀化
25	12	11	溆浦
25	12	03	沅陵
25	12	13	洪江
25	12	01	怀化
25	12	06	会同
25	12	07	通道
25	12	04	辰溪
25	12	05	靖州
25	12	08	麻阳
25	12	09	新晃
25	12	12	中方
25	12	10	芷江
25	14	永州
25	14	02	祁阳
25	14	03	东安
25	14	01	永州
25	14	06	宁远
25	14	07	江永
25	14	04	双牌
25	14	05	道县
25	14	08	蓝山
25	14	09	新田
25	14	11	冷水滩
25	14	10	江华
25	11	张家界
25	11	02	桑植
25	11	03	慈利
25	11	01	张家界
25	11	04	武陵源
25	15	湘西
25	15	02	保靖
25	15	03	永顺
25	15	01	吉首
25	15	06	泸溪
25	15	07	龙山
25	15	04	古丈
25	15	05	凤凰
25	15	08	花垣
25	10	岳阳
25	10	02	华容
25	10	03	湘阴
25	10	01	岳阳
25	10	06	临湘
25	10	04	汨罗
25	10	05	平江
26	02	遵义
26	02	02	遵义县
26	02	03	仁怀
26	02	13	余庆
26	02	01	遵义
26	02	06	凤冈
26	02	07	桐梓
26	02	04	绥阳
26	02	05	湄潭
26	02	08	赤水
26	02	09	习水
26	02	12	务川
26	02	14	汇川
26	02	11	正安
26	02	15	红花岗
26	02	10	道真
26	03	安顺
26	03	02	普定
26	03	03	镇宁
26	03	01	安顺
26	03	06	关岭
26	03	04	平坝
26	03	05	紫云
26	01	贵阳
26	01	02	白云
26	01	03	花溪
26	01	01	贵阳
26	01	06	开阳
26	01	07	修文
26	01	04	乌当
26	01	05	息烽
26	01	08	清镇
26	01	09	小河
26	01	11	南明
26	01	10	云岩
26	06	铜仁
26	06	02	江口
26	06	03	玉屏
26	06	01	铜仁
26	06	07	印江
26	06	04	万山
26	06	05	思南
26	06	08	石阡
26	06	09	沿河
26	06	11	松桃
26	06	10	德江
26	07	毕节
26	07	02	赫章
26	07	03	金沙
26	07	01	毕节
26	07	06	纳雍
26	07	07	织金
26	07	04	威宁
26	07	05	大方
26	07	08	黔西
26	04	黔南
26	04	02	贵定
26	04	03	瓮安
26	04	01	都匀
26	04	06	惠水
26	04	07	龙里
26	04	04	长顺
26	04	05	福泉
26	04	08	罗甸
26	04	09	平塘
26	04	12	荔波
26	04	11	三都
26	04	10	独山
26	05	黔东南
26	05	02	岑巩
26	05	03	施秉
26	05	13	黎平
26	05	01	凯里
26	05	15	锦屏
26	05	07	麻江
26	05	04	镇远
26	05	05	黄平
26	05	08	丹寨
26	05	09	三穗
26	05	16	榕江
26	05	12	雷山
26	05	17	从江
26	05	14	天柱
26	05	11	剑河
26	05	10	台江
26	08	六盘水
26	08	02	六枝
26	08	01	水城
26	08	04	盘县
26	09	黔西南
26	09	02	晴隆
26	09	03	兴仁
26	09	01	兴义
26	09	07	安龙
26	09	04	贞丰
26	09	05	望谟
26	09	08	册亨
26	09	09	普安
27	02	攀枝花
27	02	02	仁和
27	02	03	米易
27	02	01	攀枝花
27	02	04	盐边
27	03	自贡
27	03	02	富顺
27	03	03	荣县
27	03	01	自贡
27	13	资阳
27	13	02	安岳
27	13	03	乐至
27	13	01	资阳
27	13	04	简阳
27	01	成都
27	01	02	龙泉驿
27	01	03	新都
27	01	13	邛崃
27	01	01	成都
27	01	06	双流
27	01	07	郫县
27	01	04	温江
27	01	05	金堂
27	01	08	大邑
27	01	09	蒲江
27	01	12	彭州
27	01	14	崇州
27	01	11	都江堰
27	01	10	新津
27	06	达州
27	06	02	宣汉
27	06	03	开江
27	06	01	达州
27	06	06	万源
27	06	07	通川
27	06	04	大竹
27	06	05	渠县
27	06	08	达县
27	07	遂宁
27	07	02	蓬溪
27	07	03	射洪
27	07	01	遂宁
27	04	绵阳
27	04	02	三台
27	04	03	盐亭
27	04	01	绵阳
27	04	06	北川
27	04	07	平武
27	04	04	安县
27	04	05	梓潼
27	04	08	江油
27	05	南充
27	05	02	南部
27	05	03	营山
27	05	01	南充
27	05	06	西充
27	05	07	阆中
27	05	04	蓬安
27	05	05	仪陇
27	19	阿坝
27	19	02	汶川
27	19	03	理县
27	19	13	红原
27	19	01	阿坝
27	19	06	九寨沟
27	19	07	金川
27	19	04	茂县
27	19	05	松潘
27	19	08	小金
27	19	09	黑水
27	19	12	若尔盖
27	19	11	壤塘
27	19	10	马尔康
27	18	甘孜
27	18	02	康定
27	18	03	泸定
27	18	13	色达
27	18	01	甘孜
27	18	06	雅江
27	18	07	道孚
27	18	04	丹巴
27	18	05	九龙
27	18	18	得荣
27	18	08	炉霍
27	18	09	新龙
27	18	16	乡城
27	18	12	石渠
27	18	17	稻城
27	18	14	理塘
27	18	11	白玉
27	18	15	巴塘
27	18	10	德格
27	08	广安
27	08	02	岳池
27	08	03	武胜
27	08	01	广安
27	08	04	邻水
27	08	05	华蓥
27	09	巴中
27	09	02	通江
27	09	03	南江
27	09	01	巴中
27	09	04	平昌
27	21	广元
27	21	02	旺苍
27	21	03	青川
27	21	01	广元
27	21	04	剑阁
27	21	05	苍溪
27	20	德阳
27	20	02	中江
27	20	03	广汉
27	20	01	德阳
27	20	06	罗江
27	20	04	什邡
27	20	05	绵竹
27	16	凉山
27	16	11	金阳
27	16	03	木里
27	16	13	喜德
27	16	01	凉山
27	16	06	会理
27	16	07	会东
27	16	04	盐源
27	16	05	德昌
27	16	19	布拖
27	16	18	美姑
27	16	08	宁南
27	16	09	普格
27	16	16	甘洛
27	16	12	昭觉
27	16	17	雷波
27	16	14	冕宁
27	16	15	越西
27	16	10	西昌
27	12	内江
27	12	02	东兴
27	12	03	威远
27	12	01	内江
27	12	04	资中
27	12	05	隆昌
27	17	雅安
27	17	02	名山
27	17	03	荥经
27	17	01	雅安
27	17	06	天全
27	17	07	芦山
27	17	04	汉源
27	17	05	石棉
27	17	08	宝兴
27	14	乐山
27	14	02	犍为
27	14	03	井研
27	14	01	乐山
27	14	06	峨边
27	14	07	马边
27	14	04	夹江
27	14	05	沐川
27	14	08	峨眉
27	14	09	峨眉山
27	11	宜宾
27	11	11	屏山
27	11	03	宜宾县
27	11	01	宜宾
27	11	06	长宁
27	11	07	高县
27	11	04	南溪
27	11	05	江安
27	11	08	珙县
27	11	09	筠连
27	11	10	兴文
27	15	眉山
27	15	02	仁寿
27	15	03	彭山
27	15	01	眉山
27	15	06	青神
27	15	04	洪雅
27	15	05	丹棱
27	10	泸州
27	10	03	泸县
27	10	01	泸州
27	10	06	古蔺
27	10	07	纳溪
27	10	04	合江
27	10	05	叙永
28	02	韶关
28	02	02	乳源
28	02	03	始兴
28	02	01	韶关
28	02	06	仁化
28	02	07	南雄
28	02	04	翁源
28	02	05	乐昌
28	02	08	新丰
28	02	09	曲江
28	02	11	武江
28	02	10	浈江
28	03	惠州
28	03	02	博罗
28	03	03	惠阳
28	03	01	惠州
28	03	04	惠东
28	03	05	龙门
28	13	清远
28	13	02	连南
28	13	03	连州
28	13	01	清远
28	13	06	佛冈
28	13	07	英德
28	13	04	连山
28	13	05	阳山
28	13	08	清新
28	01	广州
28	01	02	番禺
28	01	03	从化
28	01	01	广州
28	01	04	增城
28	01	05	花都
28	06	深圳
28	06	01	深圳
28	07	珠海
28	07	02	斗门
28	07	03	金湾
28	07	01	珠海
28	04	梅州
28	04	02	兴宁
28	04	03	蕉岭
28	04	01	梅州
28	04	06	丰顺
28	04	07	平远
28	04	04	大埔
28	04	08	五华
28	04	09	梅县
28	05	汕头
28	05	02	潮阳
28	05	03	澄海
28	05	01	汕头
28	05	04	南澳
28	19	揭阳
28	19	02	揭西
28	19	03	普宁
28	19	01	揭阳
28	19	04	惠来
28	19	05	揭东
28	18	阳江
28	18	02	阳春
28	18	03	阳东
28	18	01	阳江
28	18	04	阳西
28	08	佛山
28	08	02	三水
28	08	03	南海
28	08	00	佛山
28	08	01	顺德
28	08	04	高明
28	09	肇庆
28	09	02	广宁
28	09	03	四会
28	09	01	肇庆
28	09	06	怀集
28	09	07	封开
28	09	05	德庆
28	09	08	高要
28	21	汕尾
28	21	02	海丰
28	21	03	陆丰
28	21	01	汕尾
28	21	04	陆河
28	20	茂名
28	20	02	高州
28	20	03	化州
28	20	01	茂名
28	20	06	茂港
28	20	04	电白
28	20	05	信宜
28	16	东莞
28	16	01	东莞
28	12	河源
28	12	02	紫金
28	12	03	连平
28	12	01	河源
28	12	06	东源
28	12	04	和平
28	12	05	龙川
28	17	中山
28	17	01	中山
28	14	云浮
28	14	02	罗定
28	14	03	新兴
28	14	01	云浮
28	14	06	云安
28	14	04	郁南
28	11	江门
28	11	03	开平
28	11	01	江门
28	11	06	台山
28	11	07	蓬江
28	11	04	新会
28	11	05	恩平
28	11	08	鹤山
28	11	09	江海
28	15	潮州
28	15	02	饶平
28	15	03	潮安
28	15	01	潮州
28	10	湛江
28	10	02	吴川
28	10	03	雷州
28	10	01	湛江
28	10	06	赤坎
28	10	07	遂溪
28	10	04	徐闻
28	10	05	廉江
28	10	08	坡头
28	10	09	霞山
28	10	10	麻章
29	02	大理
29	02	02	云龙
29	02	03	漾濞
29	02	01	大理
29	02	06	弥渡
29	02	07	祥云
29	02	04	永平
29	02	05	宾川
29	02	08	巍山
29	02	09	剑川
29	02	12	南涧
29	02	11	鹤庆
29	02	10	洱源
29	03	红河
29	03	02	石屏
29	03	03	建水
29	03	13	河口
29	03	01	红河
29	03	06	绿春
29	03	07	开远
29	03	04	弥勒
29	03	05	元阳
29	03	08	个旧
29	03	09	蒙自
29	03	12	金平
29	03	11	泸西
29	03	10	屏边
29	13	迪庆
29	13	02	德钦
29	13	03	维西
29	13	01	香格里拉
29	13	04	中甸
29	01	昆明
29	01	11	禄劝
29	01	03	东川
29	01	13	太华山
29	01	01	昆明
29	01	06	宜良
29	01	07	石林
29	01	04	寻甸
29	01	05	晋宁
29	01	08	呈贡
29	01	09	富民
29	01	12	安宁
29	01	10	嵩明
29	06	文山
29	06	02	西畴
29	06	03	马关
29	06	01	文山
29	06	06	丘北
29	06	07	广南
29	06	04	麻栗坡
29	06	05	砚山
29	06	08	富宁
29	07	玉溪
29	07	02	澄江
29	07	03	江川
29	07	01	玉溪
29	07	06	新平
29	07	07	易门
29	07	04	通海
29	07	05	华宁
29	07	08	峨山
29	07	09	元江
29	04	曲靖
29	04	02	沾益
29	04	03	陆良
29	04	01	曲靖
29	04	06	师宗
29	04	07	罗平
29	04	04	富源
29	04	05	马龙
29	04	08	会泽
29	04	09	宣威
29	05	保山
29	05	03	龙陵
29	05	01	保山
29	05	06	腾冲
29	05	04	施甸
29	05	05	昌宁
29	08	楚雄
29	08	02	大姚
29	08	03	元谋
29	08	01	楚雄
29	08	06	南华
29	08	07	武定
29	08	04	姚安
29	08	05	牟定
29	08	08	禄丰
29	08	09	双柏
29	08	10	永仁
29	09	普洱
29	09	02	景谷
29	09	03	景东
29	09	01	普洱
29	09	06	墨江
29	09	07	江城
29	09	04	澜沧
29	09	08	孟连
29	09	09	西盟
29	09	12	宁洱
29	09	11	镇沅
29	16	西双版纳
29	16	03	勐海
29	16	01	景洪
29	16	05	勐腊
29	12	怒江
29	12	03	福贡
29	12	01	怒江
29	12	06	六库
29	12	07	贡山
29	12	04	兰坪
29	12	05	泸水
29	14	丽江
29	14	02	永胜
29	14	03	华坪
29	14	01	丽江
29	14	04	宁蒗
29	11	临沧
29	11	02	沧源
29	11	03	耿马
29	11	01	临沧
29	11	06	永德
29	11	07	云县
29	11	04	双江
29	11	05	凤庆
29	11	08	镇康
29	15	德宏
29	15	03	陇川
29	15	01	德宏
29	15	06	瑞丽
29	15	07	梁河
29	15	04	盈江
29	15	08	潞西
29	10	昭通
29	10	02	鲁甸
29	10	03	彝良
29	10	01	昭通
29	10	06	巧家
29	10	07	绥江
29	10	04	镇雄
29	10	05	威信
29	10	08	永善
29	10	09	盐津
29	10	11	水富
29	10	10	大关
30	02	崇左
30	02	02	天等
30	02	03	龙州
30	02	01	崇左
30	02	06	扶绥
30	02	07	宁明
30	02	04	凭祥
30	02	05	大新
30	03	柳州
30	03	02	柳城
30	03	01	柳州
30	03	06	融安
30	03	07	融水
30	03	04	鹿寨
30	03	05	柳江
30	03	08	三江
30	13	北海
30	13	02	合浦
30	13	03	涠洲岛
30	13	01	北海
30	01	南宁
30	01	03	邕宁
30	01	01	南宁
30	01	06	马山
30	01	07	上林
30	01	04	横县
30	01	05	隆安
30	01	08	武鸣
30	01	09	宾阳
30	06	梧州
30	06	02	藤县
30	06	01	梧州
30	06	06	岑溪
30	06	07	长洲
30	06	04	苍梧
30	06	05	蒙山
30	07	贺州
30	07	02	昭平
30	07	03	富川
30	07	01	贺州
30	07	04	钟山
30	04	来宾
30	04	02	忻城
30	04	03	金秀
30	04	01	来宾
30	04	06	合山
30	04	04	象州
30	04	05	武宣
30	05	桂林
30	05	11	恭城
30	05	03	龙胜
30	05	13	荔浦
30	05	01	桂林
30	05	06	兴安
30	05	07	灵川
30	05	04	永福
30	05	05	临桂
30	05	08	全州
30	05	09	灌阳
30	05	12	平乐
30	05	14	资源
30	05	10	阳朔
30	08	贵港
30	08	02	桂平
30	08	03	平南
30	08	01	贵港
30	09	玉林
30	09	02	博白
30	09	03	北流
30	09	01	玉林
30	09	06	兴业
30	09	04	容县
30	09	05	陆川
30	12	河池
30	12	02	天峨
30	12	03	东兰
30	12	01	河池
30	12	06	罗城
30	12	07	宜州
30	12	04	巴马
30	12	05	环江
30	12	08	凤山
30	12	09	南丹
30	12	11	大化
30	12	10	都安
30	14	防城港
30	14	02	上思
30	14	03	东兴
30	14	01	防城港
30	14	05	防城
30	11	钦州
30	11	02	浦北
30	11	03	灵山
30	11	01	钦州
30	10	百色
30	10	02	那坡
30	10	03	田阳
30	10	01	百色
30	10	06	田东
30	10	07	平果
30	10	04	德保
30	10	05	靖西
30	10	08	隆林
30	10	09	西林
30	10	12	田林
30	10	11	凌云
30	10	10	乐业
31	01	海南
31	01	101310101	海口
31	01	101310221	乐东
31	01	101310220	南沙岛
31	01	101310222	五指山
31	01	101310210	屯昌
31	01	101310216	陵水
31	01	101310211	琼海
31	01	101310214	保亭
31	01	101310209	定安
31	01	101310208	琼中
31	01	101310212	文昌
31	01	101310215	万宁
31	01	101310203	临高
31	01	101310202	东方
31	01	101310201	三亚
31	01	101310217	西沙
31	01	101310207	白沙
31	01	101310206	昌江
31	01	101310205	儋州
31	01	101310204	澄迈
32	01	香港
32	01	02	九龙
32	01	03	新界
32	01	01	香港
33	01	澳门
33	01	02	氹仔岛
33	01	03	路环岛
33	01	01	澳门
34	02	高雄
34	02	02	嘉义
34	02	03	台南
34	02	01	高雄
34	02	04	台东
34	02	05	屏东
34	01	台北
34	01	02	桃园
34	01	03	新竹
34	01	01	台北
34	01	04	宜兰
34	04	台中
34	04	02	苗栗
34	04	03	彰化
34	04	01	台中
34	04	06	云林
34	04	04	南投
34	04	05	花莲
